(8, 8) (5, 3) (5, 6) (3, 6) (0, 4) (6, 4) (9, 4) (4, 7) (4, 4) (5, 0) (3, 7) (3, 8) (2, 1) (1, 3) (5, 8) (1, 7) (2, 9) (2, 4) (0, 8) (6, 9) (8, 0) (1, 0) (9, 8) (2, 5) (2, 0)
18 12
0.000e+00 0.000e+00 0.000e+00 0.000e+00 0.000e+00 0.000e+00 0.000e+00 0.000e+00 0.000e+00 0.000e+00 0.000e+00 8.346e+00 0.000e+00 0.000e+00 0.000e+00 0.000e+00 0.000e+00 0.000e+00 0.000e+00 1.441e+01 0.000e+00 1.229e-02 0.000e+00 6.054e+00 0.000e+00
0.000e+00 0.000e+00 0.000e+00 0.000e+00 0.000e+00 0.000e+00 0.000e+00 0.000e+00 2.944e+00 0.000e+00 0.000e+00 0.000e+00 1.856e+00 0.000e+00 3.733e+00 0.000e+00 0.000e+00 0.000e+00 0.000e+00 0.000e+00 0.000e+00 6.918e+00 0.000e+00 0.000e+00 0.000e+00
0.000e+00 0.000e+00 0.000e+00 0.000e+00 0.000e+00 0.000e+00 7.941e+00 1.078e+01 0.000e+00 0.000e+00 0.000e+00 8.390e+00 0.000e+00 0.000e+00 0.000e+00 0.000e+00 0.000e+00 0.000e+00 1.371e+01 0.000e+00 0.000e+00 0.000e+00 0.000e+00 0.000e+00 0.000e+00
0.000e+00 0.000e+00 0.000e+00 0.000e+00 0.000e+00 0.000e+00 0.000e+00 0.000e+00 0.000e+00 0.000e+00 0.000e+00 0.000e+00 0.000e+00 0.000e+00 0.000e+00 0.000e+00 4.097e+00 0.000e+00 0.000e+00 0.000e+00 0.000e+00 1.756e+01 5.575e-01 0.000e+00 1.341e+01
0.000e+00 0.000e+00 0.000e+00 0.000e+00 0.000e+00 0.000e+00 0.000e+00 8.352e+00 0.000e+00 0.000e+00 1.118e+01 0.000e+00 0.000e+00 0.000e+00 2.816e+00 0.000e+00 0.000e+00 0.000e+00 0.000e+00 0.000e+00 3.970e+00 0.000e+00 0.000e+00 0.000e+00 0.000e+00
0.000e+00 0.000e+00 0.000e+00 0.000e+00 0.000e+00 0.000e+00 0.000e+00 0.000e+00 1.602e+01 1.937e+01 0.000e+00 0.000e+00 6.275e+00 0.000e+00 0.000e+00 1.385e+01 0.000e+00 0.000e+00 0.000e+00 0.000e+00 0.000e+00 0.000e+00 0.000e+00 0.000e+00 0.000e+00
0.000e+00 0.000e+00 7.941e+00 0.000e+00 0.000e+00 0.000e+00 0.000e+00 0.000e+00 0.000e+00 0.000e+00 0.000e+00 0.000e+00 0.000e+00 1.753e+01 0.000e+00 0.000e+00 0.000e+00 0.000e+00 0.000e+00 0.000e+00 1.789e+01 0.000e+00 0.000e+00 0.000e+00 1.710e+00
0.000e+00 0.000e+00 1.078e+01 0.000e+00 8.352e+00 0.000e+00 0.000e+00 0.000e+00 0.000e+00 0.000e+00 7.907e-01 0.000e+00 0.000e+00 0.000e+00 0.000e+00 3.405e+00 0.000e+00 0.000e+00 0.000e+00 0.000e+00 0.000e+00 0.000e+00 0.000e+00 0.000e+00 0.000e+00
0.000e+00 2.944e+00 0.000e+00 0.000e+00 0.000e+00 1.602e+01 0.000e+00 0.000e+00 0.000e+00 0.000e+00 0.000e+00 0.000e+00 0.000e+00 0.000e+00 0.000e+00 0.000e+00 0.000e+00 0.000e+00 1.756e+01 1.976e+00 0.000e+00 0.000e+00 0.000e+00 0.000e+00 0.000e+00
0.000e+00 0.000e+00 0.000e+00 0.000e+00 0.000e+00 1.937e+01 0.000e+00 0.000e+00 0.000e+00 0.000e+00 0.000e+00 0.000e+00 0.000e+00 0.000e+00 8.428e+00 0.000e+00 0.000e+00 1.916e+01 0.000e+00 0.000e+00 0.000e+00 0.000e+00 1.067e+01 0.000e+00 0.000e+00
0.000e+00 0.000e+00 0.000e+00 0.000e+00 1.118e+01 0.000e+00 0.000e+00 7.907e-01 0.000e+00 0.000e+00 0.000e+00 1.384e+01 0.000e+00 0.000e+00 0.000e+00 0.000e+00 0.000e+00 6.317e+00 0.000e+00 0.000e+00 0.000e+00 0.000e+00 0.000e+00 0.000e+00 0.000e+00
8.346e+00 0.000e+00 8.390e+00 0.000e+00 0.000e+00 0.000e+00 0.000e+00 0.000e+00 0.000e+00 0.000e+00 1.384e+01 0.000e+00 0.000e+00 0.000e+00 0.000e+00 0.000e+00 0.000e+00 0.000e+00 0.000e+00 0.000e+00 0.000e+00 0.000e+00 1.373e+01 0.000e+00 0.000e+00
0.000e+00 1.856e+00 0.000e+00 0.000e+00 0.000e+00 6.275e+00 0.000e+00 0.000e+00 0.000e+00 0.000e+00 0.000e+00 0.000e+00 0.000e+00 0.000e+00 1.669e+01 0.000e+00 0.000e+00 0.000e+00 0.000e+00 0.000e+00 0.000e+00 0.000e+00 0.000e+00 3.756e-01 0.000e+00
0.000e+00 0.000e+00 0.000e+00 0.000e+00 0.000e+00 0.000e+00 1.753e+01 0.000e+00 0.000e+00 0.000e+00 0.000e+00 0.000e+00 0.000e+00 0.000e+00 0.000e+00 0.000e+00 1.501e+01 1.978e+01 0.000e+00 0.000e+00 0.000e+00 0.000e+00 0.000e+00 0.000e+00 1.497e+01
0.000e+00 3.733e+00 0.000e+00 0.000e+00 2.816e+00 0.000e+00 0.000e+00 0.000e+00 0.000e+00 8.428e+00 0.000e+00 0.000e+00 1.669e+01 0.000e+00 0.000e+00 0.000e+00 0.000e+00 0.000e+00 0.000e+00 0.000e+00 0.000e+00 0.000e+00 0.000e+00 0.000e+00 0.000e+00
0.000e+00 0.000e+00 0.000e+00 0.000e+00 0.000e+00 1.385e+01 0.000e+00 3.405e+00 0.000e+00 0.000e+00 0.000e+00 0.000e+00 0.000e+00 0.000e+00 0.000e+00 0.000e+00 0.000e+00 0.000e+00 5.616e+00 0.000e+00 0.000e+00 1.579e+01 0.000e+00 0.000e+00 0.000e+00
0.000e+00 0.000e+00 0.000e+00 4.097e+00 0.000e+00 0.000e+00 0.000e+00 0.000e+00 0.000e+00 0.000e+00 0.000e+00 0.000e+00 0.000e+00 1.501e+01 0.000e+00 0.000e+00 0.000e+00 0.000e+00 0.000e+00 0.000e+00 2.073e+00 0.000e+00 0.000e+00 8.963e+00 0.000e+00
0.000e+00 0.000e+00 0.000e+00 0.000e+00 0.000e+00 0.000e+00 0.000e+00 0.000e+00 0.000e+00 1.916e+01 6.317e+00 0.000e+00 0.000e+00 1.978e+01 0.000e+00 0.000e+00 0.000e+00 0.000e+00 0.000e+00 0.000e+00 1.817e+01 0.000e+00 0.000e+00 0.000e+00 0.000e+00
0.000e+00 0.000e+00 1.371e+01 0.000e+00 0.000e+00 0.000e+00 0.000e+00 0.000e+00 1.756e+01 0.000e+00 0.000e+00 0.000e+00 0.000e+00 0.000e+00 0.000e+00 5.616e+00 0.000e+00 0.000e+00 0.000e+00 0.000e+00 0.000e+00 0.000e+00 0.000e+00 0.000e+00 5.879e+00
1.441e+01 0.000e+00 0.000e+00 0.000e+00 0.000e+00 0.000e+00 0.000e+00 0.000e+00 1.976e+00 0.000e+00 0.000e+00 0.000e+00 0.000e+00 0.000e+00 0.000e+00 0.000e+00 0.000e+00 0.000e+00 0.000e+00 0.000e+00 0.000e+00 0.000e+00 5.763e+00 2.609e+00 0.000e+00
0.000e+00 0.000e+00 0.000e+00 0.000e+00 3.970e+00 0.000e+00 1.789e+01 0.000e+00 0.000e+00 0.000e+00 0.000e+00 0.000e+00 0.000e+00 0.000e+00 0.000e+00 0.000e+00 2.073e+00 1.817e+01 0.000e+00 0.000e+00 0.000e+00 0.000e+00 0.000e+00 0.000e+00 0.000e+00
1.229e-02 6.918e+00 0.000e+00 1.756e+01 0.000e+00 0.000e+00 0.000e+00 0.000e+00 0.000e+00 0.000e+00 0.000e+00 0.000e+00 0.000e+00 0.000e+00 0.000e+00 1.579e+01 0.000e+00 0.000e+00 0.000e+00 0.000e+00 0.000e+00 0.000e+00 0.000e+00 0.000e+00 0.000e+00
0.000e+00 0.000e+00 0.000e+00 5.575e-01 0.000e+00 0.000e+00 0.000e+00 0.000e+00 0.000e+00 1.067e+01 0.000e+00 1.373e+01 0.000e+00 0.000e+00 0.000e+00 0.000e+00 0.000e+00 0.000e+00 0.000e+00 5.763e+00 0.000e+00 0.000e+00 0.000e+00 0.000e+00 0.000e+00
6.054e+00 0.000e+00 0.000e+00 0.000e+00 0.000e+00 0.000e+00 0.000e+00 0.000e+00 0.000e+00 0.000e+00 0.000e+00 0.000e+00 3.756e-01 0.000e+00 0.000e+00 0.000e+00 8.963e+00 0.000e+00 0.000e+00 2.609e+00 0.000e+00 0.000e+00 0.000e+00 0.000e+00 0.000e+00
0.000e+00 0.000e+00 0.000e+00 1.341e+01 0.000e+00 0.000e+00 1.710e+00 0.000e+00 0.000e+00 0.000e+00 0.000e+00 0.000e+00 0.000e+00 1.497e+01 0.000e+00 0.000e+00 0.000e+00 0.000e+00 5.879e+00 0.000e+00 0.000e+00 0.000e+00 0.000e+00 0.000e+00 0.000e+00