(4, 0) (1, 6) (7, 3) (0, 0) (0, 4) (2, 8) (6, 8) (7, 2) (4, 8) (9, 1) (6, 1) (7, 9) (2, 1) (1, 5) (8, 7) (4, 5) (0, 8) (1, 0) (9, 0) (3, 8) (7, 7) (9, 5) (0, 1) (9, 4) (1, 2)
10 6
0.000e+00 8.346e+00 0.000e+00 1.441e+01 0.000e+00 1.229e-02 0.000e+00 0.000e+00 6.054e+00 2.944e+00 0.000e+00 1.856e+00 0.000e+00 0.000e+00 0.000e+00 3.733e+00 0.000e+00 0.000e+00 0.000e+00 0.000e+00 0.000e+00 0.000e+00 6.918e+00 0.000e+00 0.000e+00
8.346e+00 0.000e+00 0.000e+00 7.941e+00 0.000e+00 1.078e+01 8.390e+00 0.000e+00 0.000e+00 1.371e+01 4.097e+00 0.000e+00 1.756e+01 5.575e-01 1.341e+01 8.352e+00 0.000e+00 0.000e+00 1.118e+01 2.816e+00 0.000e+00 0.000e+00 0.000e+00 3.970e+00 0.000e+00
0.000e+00 0.000e+00 0.000e+00 0.000e+00 1.602e+01 0.000e+00 1.937e+01 6.275e+00 1.385e+01 1.753e+01 0.000e+00 0.000e+00 1.789e+01 1.710e+00 0.000e+00 7.907e-01 3.405e+00 0.000e+00 1.756e+01 1.976e+00 0.000e+00 0.000e+00 0.000e+00 0.000e+00 8.428e+00
1.441e+01 7.941e+00 0.000e+00 0.000e+00 0.000e+00 1.916e+01 0.000e+00 1.067e+01 1.384e+01 6.317e+00 0.000e+00 0.000e+00 0.000e+00 1.373e+01 0.000e+00 0.000e+00 1.669e+01 3.756e-01 0.000e+00 0.000e+00 0.000e+00 1.501e+01 0.000e+00 0.000e+00 0.000e+00
0.000e+00 0.000e+00 1.602e+01 0.000e+00 0.000e+00 1.978e+01 1.497e+01 5.616e+00 1.579e+01 0.000e+00 0.000e+00 2.073e+00 0.000e+00 0.000e+00 8.963e+00 1.817e+01 5.879e+00 5.763e+00 0.000e+00 0.000e+00 2.609e+00 0.000e+00 0.000e+00 3.971e-01 0.000e+00
1.229e-02 1.078e+01 0.000e+00 1.916e+01 1.978e+01 0.000e+00 0.000e+00 1.358e+01 0.000e+00 4.240e+00 5.318e+00 0.000e+00 9.837e+00 0.000e+00 1.077e+00 1.149e+01 2.943e+00 0.000e+00 1.179e+01 1.400e+01 0.000e+00 2.056e+00 8.287e+00 1.389e+01 0.000e+00
0.000e+00 8.390e+00 1.937e+01 0.000e+00 1.497e+01 0.000e+00 0.000e+00 8.289e+00 0.000e+00 1.009e+00 0.000e+00 0.000e+00 0.000e+00 1.072e+01 0.000e+00 1.328e+01 1.030e+01 0.000e+00 1.889e+01 1.174e+01 1.807e+01 0.000e+00 0.000e+00 0.000e+00 0.000e+00
0.000e+00 0.000e+00 6.275e+00 1.067e+01 5.616e+00 1.358e+01 8.289e+00 0.000e+00 2.758e+00 0.000e+00 2.794e+00 0.000e+00 1.615e+01 0.000e+00 0.000e+00 0.000e+00 7.960e+00 3.315e+00 1.855e+01 6.962e+00 0.000e+00 0.000e+00 1.502e+01 1.452e+01 0.000e+00
6.054e+00 0.000e+00 1.385e+01 1.384e+01 1.579e+01 0.000e+00 0.000e+00 2.758e+00 0.000e+00 1.767e+01 0.000e+00 0.000e+00 1.248e+01 1.502e+01 0.000e+00 6.984e+00 5.406e+00 1.792e+01 8.568e+00 1.930e+01 0.000e+00 1.327e+01 0.000e+00 0.000e+00 1.244e+01
2.944e+00 1.371e+01 1.753e+01 6.317e+00 0.000e+00 4.240e+00 1.009e+00 0.000e+00 1.767e+01 0.000e+00 0.000e+00 2.304e+00 0.000e+00 1.899e+01 0.000e+00 9.004e+00 0.000e+00 1.157e+01 8.169e+00 0.000e+00 4.748e+00 0.000e+00 0.000e+00 0.000e+00 1.807e+01
0.000e+00 4.097e+00 0.000e+00 0.000e+00 0.000e+00 5.318e+00 0.000e+00 2.794e+00 0.000e+00 0.000e+00 0.000e+00 1.148e+01 6.738e-02 0.000e+00 0.000e+00 1.235e+01 6.540e+00 0.000e+00 1.055e+01 1.772e+01 7.152e+00 1.817e+01 1.247e+01 3.263e-01 1.859e+01
1.856e+00 0.000e+00 0.000e+00 0.000e+00 2.073e+00 0.000e+00 0.000e+00 0.000e+00 0.000e+00 2.304e+00 1.148e+01 0.000e+00 0.000e+00 0.000e+00 1.382e+01 0.000e+00 0.000e+00 1.995e+01 0.000e+00 3.455e+00 0.000e+00 0.000e+00 0.000e+00 0.000e+00 2.751e+00
0.000e+00 1.756e+01 1.789e+01 0.000e+00 0.000e+00 9.837e+00 0.000e+00 1.615e+01 1.248e+01 0.000e+00 6.738e-02 0.000e+00 0.000e+00 0.000e+00 1.865e+01 0.000e+00 0.000e+00 1.394e+01 0.000e+00 1.329e+00 0.000e+00 0.000e+00 1.511e+01 1.508e+01 0.000e+00
0.000e+00 5.575e-01 1.710e+00 1.373e+01 0.000e+00 0.000e+00 1.072e+01 0.000e+00 1.502e+01 1.899e+01 0.000e+00 0.000e+00 0.000e+00 0.000e+00 0.000e+00 1.846e+01 1.423e+01 2.494e+00 0.000e+00 4.074e-01 0.000e+00 0.000e+00 0.000e+00 0.000e+00 0.000e+00
0.000e+00 1.341e+01 0.000e+00 0.000e+00 8.963e+00 1.077e+00 0.000e+00 0.000e+00 0.000e+00 0.000e+00 0.000e+00 1.382e+01 1.865e+01 0.000e+00 0.000e+00 5.340e-01 5.758e-01 0.000e+00 0.000e+00 4.932e+00 0.000e+00 1.720e+01 0.000e+00 1.078e+01 1.106e+01
3.733e+00 8.352e+00 7.907e-01 0.000e+00 1.817e+01 1.149e+01 1.328e+01 0.000e+00 6.984e+00 9.004e+00 1.235e+01 0.000e+00 0.000e+00 1.846e+01 5.340e-01 0.000e+00 0.000e+00 0.000e+00 1.684e+01 0.000e+00 0.000e+00 0.000e+00 0.000e+00 0.000e+00 0.000e+00
0.000e+00 0.000e+00 3.405e+00 1.669e+01 5.879e+00 2.943e+00 1.030e+01 7.960e+00 5.406e+00 0.000e+00 6.540e+00 0.000e+00 0.000e+00 1.423e+01 5.758e-01 0.000e+00 0.000e+00 2.492e+00 5.591e+00 1.172e+01 1.939e+01 0.000e+00 0.000e+00 0.000e+00 1.122e+01
0.000e+00 0.000e+00 0.000e+00 3.756e-01 5.763e+00 0.000e+00 0.000e+00 3.315e+00 1.792e+01 1.157e+01 0.000e+00 1.995e+01 1.394e+01 2.494e+00 0.000e+00 0.000e+00 2.492e+00 0.000e+00 0.000e+00 3.828e-01 1.601e+01 4.667e+00 1.614e+01 7.763e+00 0.000e+00
0.000e+00 1.118e+01 1.756e+01 0.000e+00 0.000e+00 1.179e+01 1.889e+01 1.855e+01 8.568e+00 8.169e+00 1.055e+01 0.000e+00 0.000e+00 0.000e+00 0.000e+00 1.684e+01 5.591e+00 0.000e+00 0.000e+00 0.000e+00 1.727e+01 1.494e+01 1.113e+01 0.000e+00 0.000e+00
0.000e+00 2.816e+00 1.976e+00 0.000e+00 0.000e+00 1.400e+01 1.174e+01 6.962e+00 1.930e+01 0.000e+00 1.772e+01 3.455e+00 1.329e+00 4.074e-01 4.932e+00 0.000e+00 1.172e+01 3.828e-01 0.000e+00 0.000e+00 0.000e+00 2.738e+00 1.208e+00 0.000e+00 0.000e+00
0.000e+00 0.000e+00 0.000e+00 0.000e+00 2.609e+00 0.000e+00 1.807e+01 0.000e+00 0.000e+00 4.748e+00 7.152e+00 0.000e+00 0.000e+00 0.000e+00 0.000e+00 0.000e+00 1.939e+01 1.601e+01 1.727e+01 0.000e+00 0.000e+00 0.000e+00 0.000e+00 2.436e+00 0.000e+00
0.000e+00 0.000e+00 0.000e+00 1.501e+01 0.000e+00 2.056e+00 0.000e+00 0.000e+00 1.327e+01 0.000e+00 1.817e+01 0.000e+00 0.000e+00 0.000e+00 1.720e+01 0.000e+00 0.000e+00 4.667e+00 1.494e+01 2.738e+00 0.000e+00 0.000e+00 0.000e+00 0.000e+00 0.000e+00
6.918e+00 0.000e+00 0.000e+00 0.000e+00 0.000e+00 8.287e+00 0.000e+00 1.502e+01 0.000e+00 0.000e+00 1.247e+01 0.000e+00 1.511e+01 0.000e+00 0.000e+00 0.000e+00 0.000e+00 1.614e+01 1.113e+01 1.208e+00 0.000e+00 0.000e+00 0.000e+00 0.000e+00 0.000e+00
0.000e+00 3.970e+00 0.000e+00 0.000e+00 3.971e-01 1.389e+01 0.000e+00 1.452e+01 0.000e+00 0.000e+00 3.263e-01 0.000e+00 1.508e+01 0.000e+00 1.078e+01 0.000e+00 0.000e+00 7.763e+00 0.000e+00 0.000e+00 2.436e+00 0.000e+00 0.000e+00 0.000e+00 9.006e-01
0.000e+00 0.000e+00 8.428e+00 0.000e+00 0.000e+00 0.000e+00 0.000e+00 0.000e+00 1.244e+01 1.807e+01 1.859e+01 2.751e+00 0.000e+00 0.000e+00 1.106e+01 0.000e+00 1.122e+01 0.000e+00 0.000e+00 0.000e+00 0.000e+00 0.000e+00 0.000e+00 9.006e-01 0.000e+00