(8, 4) (6, 10) (5, 5) (7, 0) (3, 3) (11, 9) (1, 9) (1, 6) (1, 0) (6, 8) (7, 3) (3, 7) (10, 4) (6, 1) (11, 6) (8, 5) (2, 3) (1, 11) (8, 0) (9, 2) (7, 7) (11, 3) (8, 6) (9, 9) (10, 3) (4, 8) (1, 2) (7, 10) (6, 5) (7, 11) (10, 2) (5, 1) (4, 11) (11, 10) (6, 4) (7, 5)
1 13
0.000e+00 0.000e+00 8.346e+00 0.000e+00 0.000e+00 1.441e+01 1.229e-02 0.000e+00 6.054e+00 2.944e+00 0.000e+00 0.000e+00 0.000e+00 0.000e+00 0.000e+00 1.856e+00 3.733e+00 6.918e+00 7.941e+00 1.078e+01 0.000e+00 8.390e+00 1.371e+01 0.000e+00 0.000e+00 0.000e+00 0.000e+00 4.097e+00 0.000e+00 1.756e+01 0.000e+00 5.575e-01 0.000e+00 1.341e+01 8.352e+00 1.118e+01
0.000e+00 0.000e+00 0.000e+00 0.000e+00 2.816e+00 0.000e+00 3.970e+00 1.602e+01 1.937e+01 6.275e+00 0.000e+00 1.385e+01 0.000e+00 1.753e+01 0.000e+00 1.789e+01 1.710e+00 7.907e-01 0.000e+00 0.000e+00 0.000e+00 0.000e+00 3.405e+00 1.756e+01 0.000e+00 1.976e+00 8.428e+00 1.916e+01 1.067e+01 1.384e+01 0.000e+00 0.000e+00 0.000e+00 0.000e+00 0.000e+00 0.000e+00
8.346e+00 0.000e+00 0.000e+00 0.000e+00 0.000e+00 0.000e+00 0.000e+00 0.000e+00 6.317e+00 0.000e+00 0.000e+00 0.000e+00 1.373e+01 0.000e+00 1.669e+01 0.000e+00 0.000e+00 0.000e+00 0.000e+00 3.756e-01 1.501e+01 0.000e+00 0.000e+00 0.000e+00 1.978e+01 1.497e+01 5.616e+00 0.000e+00 1.579e+01 0.000e+00 2.073e+00 8.963e+00 1.817e+01 0.000e+00 5.879e+00 5.763e+00
0.000e+00 0.000e+00 0.000e+00 0.000e+00 2.609e+00 3.971e-01 1.358e+01 4.240e+00 0.000e+00 0.000e+00 0.000e+00 0.000e+00 5.318e+00 9.837e+00 1.077e+00 1.149e+01 2.943e+00 0.000e+00 1.179e+01 0.000e+00 0.000e+00 0.000e+00 1.400e+01 2.056e+00 0.000e+00 8.287e+00 0.000e+00 0.000e+00 0.000e+00 0.000e+00 1.389e+01 8.289e+00 0.000e+00 1.009e+00 1.072e+01 1.328e+01
0.000e+00 2.816e+00 0.000e+00 2.609e+00 0.000e+00 1.030e+01 1.889e+01 1.174e+01 1.807e+01 0.000e+00 2.758e+00 0.000e+00 0.000e+00 0.000e+00 0.000e+00 0.000e+00 0.000e+00 2.794e+00 0.000e+00 0.000e+00 0.000e+00 0.000e+00 1.615e+01 0.000e+00 7.960e+00 0.000e+00 0.000e+00 3.315e+00 0.000e+00 1.855e+01 0.000e+00 0.000e+00 6.962e+00 0.000e+00 0.000e+00 1.502e+01
1.441e+01 0.000e+00 0.000e+00 3.971e-01 1.030e+01 0.000e+00 1.452e+01 0.000e+00 0.000e+00 0.000e+00 1.767e+01 1.248e+01 0.000e+00 1.502e+01 0.000e+00 6.984e+00 5.406e+00 1.792e+01 0.000e+00 8.568e+00 1.930e+01 0.000e+00 1.327e+01 0.000e+00 0.000e+00 0.000e+00 0.000e+00 0.000e+00 1.244e+01 0.000e+00 0.000e+00 2.304e+00 0.000e+00 0.000e+00 0.000e+00 1.899e+01
1.229e-02 3.970e+00 0.000e+00 1.358e+01 1.889e+01 1.452e+01 0.000e+00 0.000e+00 9.004e+00 1.157e+01 8.169e+00 4.748e+00 0.000e+00 0.000e+00 0.000e+00 1.807e+01 1.148e+01 6.738e-02 0.000e+00 1.235e+01 6.540e+00 1.055e+01 1.772e+01 0.000e+00 0.000e+00 7.152e+00 1.817e+01 1.247e+01 3.263e-01 0.000e+00 1.859e+01 0.000e+00 0.000e+00 1.382e+01 0.000e+00 0.000e+00
0.000e+00 1.602e+01 0.000e+00 4.240e+00 1.174e+01 0.000e+00 0.000e+00 0.000e+00 0.000e+00 1.995e+01 0.000e+00 3.455e+00 2.751e+00 1.865e+01 1.394e+01 0.000e+00 1.329e+00 0.000e+00 1.511e+01 1.508e+01 0.000e+00 1.846e+01 1.423e+01 0.000e+00 0.000e+00 2.494e+00 0.000e+00 0.000e+00 0.000e+00 4.074e-01 5.340e-01 5.758e-01 4.932e+00 1.720e+01 1.078e+01 1.106e+01
6.054e+00 1.937e+01 6.317e+00 0.000e+00 1.807e+01 0.000e+00 9.004e+00 0.000e+00 0.000e+00 1.684e+01 2.492e+00 5.591e+00 1.172e+01 1.939e+01 1.122e+01 0.000e+00 3.828e-01 0.000e+00 1.601e+01 0.000e+00 0.000e+00 0.000e+00 4.667e+00 1.614e+01 0.000e+00 0.000e+00 0.000e+00 0.000e+00 0.000e+00 7.763e+00 1.727e+01 0.000e+00 1.494e+01 0.000e+00 1.113e+01 2.738e+00
2.944e+00 6.275e+00 0.000e+00 0.000e+00 0.000e+00 0.000e+00 1.157e+01 1.995e+01 1.684e+01 0.000e+00 0.000e+00 0.000e+00 0.000e+00 0.000e+00 1.208e+00 2.436e+00 0.000e+00 9.006e-01 2.159e+00 4.522e+00 1.426e+01 0.000e+00 1.120e+01 2.610e-01 1.449e+00 1.935e+01 1.137e+01 0.000e+00 0.000e+00 0.000e+00 4.074e+00 5.054e+00 0.000e+00 0.000e+00 0.000e+00 0.000e+00
0.000e+00 0.000e+00 0.000e+00 0.000e+00 2.758e+00 1.767e+01 8.169e+00 0.000e+00 2.492e+00 0.000e+00 0.000e+00 1.488e+01 3.917e+00 0.000e+00 0.000e+00 0.000e+00 1.163e+01 1.940e+01 0.000e+00 1.694e+01 4.805e+00 0.000e+00 9.880e+00 0.000e+00 0.000e+00 0.000e+00 0.000e+00 1.240e+01 0.000e+00 1.658e+01 0.000e+00 3.144e+00 0.000e+00 3.813e-01 1.410e+00 0.000e+00
0.000e+00 1.385e+01 0.000e+00 0.000e+00 0.000e+00 1.248e+01 4.748e+00 3.455e+00 5.591e+00 0.000e+00 1.488e+01 0.000e+00 0.000e+00 0.000e+00 9.732e+00 1.213e+01 0.000e+00 1.138e+01 6.354e+00 1.977e+01 1.160e+01 0.000e+00 7.609e+00 1.102e+01 1.491e+01 1.339e+01 0.000e+00 0.000e+00 0.000e+00 0.000e+00 0.000e+00 0.000e+00 0.000e+00 0.000e+00 0.000e+00 0.000e+00
0.000e+00 0.000e+00 1.373e+01 5.318e+00 0.000e+00 0.000e+00 0.000e+00 2.751e+00 1.172e+01 0.000e+00 3.917e+00 0.000e+00 0.000e+00 0.000e+00 0.000e+00 0.000e+00 0.000e+00 0.000e+00 5.306e+00 1.336e+00 0.000e+00 7.408e+00 1.260e+01 0.000e+00 4.211e+00 1.506e+01 0.000e+00 1.340e+00 5.214e+00 1.610e+01 0.000e+00 0.000e+00 3.877e+00 0.000e+00 1.279e+01 1.050e+01
0.000e+00 1.753e+01 0.000e+00 9.837e+00 0.000e+00 1.502e+01 0.000e+00 1.865e+01 1.939e+01 0.000e+00 0.000e+00 0.000e+00 0.000e+00 0.000e+00 1.850e+01 0.000e+00 5.273e+00 1.329e+00 0.000e+00 1.470e+01 1.545e+01 0.000e+00 1.816e+01 1.864e+01 2.889e-01 0.000e+00 0.000e+00 4.695e+00 1.234e+01 0.000e+00 1.898e+01 0.000e+00 1.900e+01 0.000e+00 1.114e+01 0.000e+00
0.000e+00 0.000e+00 1.669e+01 1.077e+00 0.000e+00 0.000e+00 0.000e+00 1.394e+01 1.122e+01 1.208e+00 0.000e+00 9.732e+00 0.000e+00 1.850e+01 0.000e+00 1.831e+01 1.283e+01 0.000e+00 0.000e+00 7.806e+00 0.000e+00 9.725e+00 1.209e+01 0.000e+00 1.100e+01 0.000e+00 1.852e+01 0.000e+00 0.000e+00 0.000e+00 1.838e+01 0.000e+00 7.904e+00 1.927e+01 0.000e+00 0.000e+00
1.856e+00 1.789e+01 0.000e+00 1.149e+01 0.000e+00 6.984e+00 1.807e+01 0.000e+00 0.000e+00 2.436e+00 0.000e+00 1.213e+01 0.000e+00 0.000e+00 1.831e+01 0.000e+00 3.487e+00 0.000e+00 0.000e+00 2.535e+00 0.000e+00 2.710e+00 1.012e+01 4.403e-01 1.896e+01 1.654e+01 0.000e+00 3.102e-01 3.532e+00 6.648e+00 0.000e+00 0.000e+00 2.629e+00 1.619e+01 0.000e+00 0.000e+00
3.733e+00 1.710e+00 0.000e+00 2.943e+00 0.000e+00 5.406e+00 1.148e+01 1.329e+00 3.828e-01 0.000e+00 1.163e+01 0.000e+00 0.000e+00 5.273e+00 1.283e+01 3.487e+00 0.000e+00 6.901e+00 1.880e+01 0.000e+00 1.164e+01 0.000e+00 0.000e+00 1.758e+01 0.000e+00 0.000e+00 0.000e+00 0.000e+00 1.690e+01 1.811e+01 9.203e+00 1.093e+01 1.597e+01 5.722e+00 0.000e+00 0.000e+00
6.918e+00 7.907e-01 0.000e+00 0.000e+00 2.794e+00 1.792e+01 6.738e-02 0.000e+00 0.000e+00 9.006e-01 1.940e+01 1.138e+01 0.000e+00 1.329e+00 0.000e+00 0.000e+00 6.901e+00 0.000e+00 0.000e+00 0.000e+00 0.000e+00 9.810e+00 0.000e+00 0.000e+00 1.199e+01 3.205e-01 0.000e+00 0.000e+00 0.000e+00 0.000e+00 1.187e+01 8.679e+00 0.000e+00 1.615e+01 6.312e+00 0.000e+00
7.941e+00 0.000e+00 0.000e+00 1.179e+01 0.000e+00 0.000e+00 0.000e+00 1.511e+01 1.601e+01 2.159e+00 0.000e+00 6.354e+00 5.306e+00 0.000e+00 0.000e+00 0.000e+00 1.880e+01 0.000e+00 0.000e+00 0.000e+00 0.000e+00 0.000e+00 0.000e+00 0.000e+00 1.786e+01 1.156e+01 3.688e+00 1.576e+01 0.000e+00 0.000e+00 0.000e+00 1.224e+01 1.088e+00 8.410e+00 1.358e+01 1.837e+01
1.078e+01 0.000e+00 3.756e-01 0.000e+00 0.000e+00 8.568e+00 1.235e+01 1.508e+01 0.000e+00 4.522e+00 1.694e+01 1.977e+01 1.336e+00 1.470e+01 7.806e+00 2.535e+00 0.000e+00 0.000e+00 0.000e+00 0.000e+00 1.804e-02 0.000e+00 1.954e+01 7.538e+00 1.948e+01 0.000e+00 0.000e+00 0.000e+00 1.210e+01 0.000e+00 0.000e+00 1.658e+01 0.000e+00 1.150e+01 0.000e+00 1.257e+01
0.000e+00 0.000e+00 1.501e+01 0.000e+00 0.000e+00 1.930e+01 6.540e+00 0.000e+00 0.000e+00 1.426e+01 4.805e+00 1.160e+01 0.000e+00 1.545e+01 0.000e+00 0.000e+00 1.164e+01 0.000e+00 0.000e+00 1.804e-02 0.000e+00 5.719e+00 0.000e+00 1.174e+01 0.000e+00 0.000e+00 0.000e+00 1.500e+01 0.000e+00 0.000e+00 0.000e+00 1.717e+01 1.510e+01 1.396e+01 0.000e+00 0.000e+00
8.390e+00 0.000e+00 0.000e+00 0.000e+00 0.000e+00 0.000e+00 1.055e+01 1.846e+01 0.000e+00 0.000e+00 0.000e+00 0.000e+00 7.408e+00 0.000e+00 9.725e+00 2.710e+00 0.000e+00 9.810e+00 0.000e+00 0.000e+00 5.719e+00 0.000e+00 0.000e+00 1.729e+01 6.460e+00 1.342e+01 0.000e+00 0.000e+00 9.023e+00 7.648e+00 0.000e+00 0.000e+00 0.000e+00 8.222e+00 0.000e+00 0.000e+00
1.371e+01 3.405e+00 0.000e+00 1.400e+01 1.615e+01 1.327e+01 1.772e+01 1.423e+01 4.667e+00 1.120e+01 9.880e+00 7.609e+00 1.260e+01 1.816e+01 1.209e+01 1.012e+01 0.000e+00 0.000e+00 0.000e+00 1.954e+01 0.000e+00 0.000e+00 0.000e+00 0.000e+00 0.000e+00 0.000e+00 0.000e+00 8.036e+00 0.000e+00 0.000e+00 0.000e+00 0.000e+00 0.000e+00 6.355e+00 0.000e+00 1.244e+01
0.000e+00 1.756e+01 0.000e+00 2.056e+00 0.000e+00 0.000e+00 0.000e+00 0.000e+00 1.614e+01 2.610e-01 0.000e+00 1.102e+01 0.000e+00 1.864e+01 0.000e+00 4.403e-01 1.758e+01 0.000e+00 0.000e+00 7.538e+00 1.174e+01 1.729e+01 0.000e+00 0.000e+00 8.611e+00 1.948e+01 0.000e+00 1.356e+01 3.979e+00 8.540e+00 0.000e+00 0.000e+00 0.000e+00 6.873e+00 0.000e+00 0.000e+00
0.000e+00 0.000e+00 1.978e+01 0.000e+00 7.960e+00 0.000e+00 0.000e+00 0.000e+00 0.000e+00 1.449e+00 0.000e+00 1.491e+01 4.211e+00 2.889e-01 1.100e+01 1.896e+01 0.000e+00 1.199e+01 1.786e+01 1.948e+01 0.000e+00 6.460e+00 0.000e+00 8.611e+00 0.000e+00 0.000e+00 0.000e+00 1.595e+01 0.000e+00 0.000e+00 0.000e+00 0.000e+00 0.000e+00 0.000e+00 1.760e+01 0.000e+00
0.000e+00 1.976e+00 1.497e+01 8.287e+00 0.000e+00 0.000e+00 7.152e+00 2.494e+00 0.000e+00 1.935e+01 0.000e+00 1.339e+01 1.506e+01 0.000e+00 0.000e+00 1.654e+01 0.000e+00 3.205e-01 1.156e+01 0.000e+00 0.000e+00 1.342e+01 0.000e+00 1.948e+01 0.000e+00 0.000e+00 0.000e+00 0.000e+00 0.000e+00 0.000e+00 0.000e+00 1.808e+01 1.326e+01 0.000e+00 0.000e+00 0.000e+00
0.000e+00 8.428e+00 5.616e+00 0.000e+00 0.000e+00 0.000e+00 1.817e+01 0.000e+00 0.000e+00 1.137e+01 0.000e+00 0.000e+00 0.000e+00 0.000e+00 1.852e+01 0.000e+00 0.000e+00 0.000e+00 3.688e+00 0.000e+00 0.000e+00 0.000e+00 0.000e+00 0.000e+00 0.000e+00 0.000e+00 0.000e+00 0.000e+00 5.411e+00 0.000e+00 0.000e+00 0.000e+00 5.055e+00 1.710e+01 1.056e+01 0.000e+00
4.097e+00 1.916e+01 0.000e+00 0.000e+00 3.315e+00 0.000e+00 1.247e+01 0.000e+00 0.000e+00 0.000e+00 1.240e+01 0.000e+00 1.340e+00 4.695e+00 0.000e+00 3.102e-01 0.000e+00 0.000e+00 1.576e+01 0.000e+00 1.500e+01 0.000e+00 8.036e+00 1.356e+01 1.595e+01 0.000e+00 0.000e+00 0.000e+00 1.605e+01 1.145e+01 0.000e+00 0.000e+00 0.000e+00 1.467e+01 0.000e+00 1.039e+01
0.000e+00 1.067e+01 1.579e+01 0.000e+00 0.000e+00 1.244e+01 3.263e-01 0.000e+00 0.000e+00 0.000e+00 0.000e+00 0.000e+00 5.214e+00 1.234e+01 0.000e+00 3.532e+00 1.690e+01 0.000e+00 0.000e+00 1.210e+01 0.000e+00 9.023e+00 0.000e+00 3.979e+00 0.000e+00 0.000e+00 5.411e+00 1.605e+01 0.000e+00 1.542e+01 1.138e+01 9.320e+00 0.000e+00 0.000e+00 6.860e+00 0.000e+00
1.756e+01 1.384e+01 0.000e+00 0.000e+00 1.855e+01 0.000e+00 0.000e+00 4.074e-01 7.763e+00 0.000e+00 1.658e+01 0.000e+00 1.610e+01 0.000e+00 0.000e+00 6.648e+00 1.811e+01 0.000e+00 0.000e+00 0.000e+00 0.000e+00 7.648e+00 0.000e+00 8.540e+00 0.000e+00 0.000e+00 0.000e+00 1.145e+01 1.542e+01 0.000e+00 0.000e+00 1.374e+00 7.565e+00 1.602e+00 1.966e+01 0.000e+00
0.000e+00 0.000e+00 2.073e+00 1.389e+01 0.000e+00 0.000e+00 1.859e+01 5.340e-01 1.727e+01 4.074e+00 0.000e+00 0.000e+00 0.000e+00 1.898e+01 1.838e+01 0.000e+00 9.203e+00 1.187e+01 0.000e+00 0.000e+00 0.000e+00 0.000e+00 0.000e+00 0.000e+00 0.000e+00 0.000e+00 0.000e+00 0.000e+00 1.138e+01 0.000e+00 0.000e+00 3.640e+00 1.624e+01 0.000e+00 0.000e+00 1.750e+01
5.575e-01 0.000e+00 8.963e+00 8.289e+00 0.000e+00 2.304e+00 0.000e+00 5.758e-01 0.000e+00 5.054e+00 3.144e+00 0.000e+00 0.000e+00 0.000e+00 0.000e+00 0.000e+00 1.093e+01 8.679e+00 1.224e+01 1.658e+01 1.717e+01 0.000e+00 0.000e+00 0.000e+00 0.000e+00 1.808e+01 0.000e+00 0.000e+00 9.320e+00 1.374e+00 3.640e+00 0.000e+00 1.377e+01 1.139e+01 0.000e+00 3.228e+00
0.000e+00 0.000e+00 1.817e+01 0.000e+00 6.962e+00 0.000e+00 0.000e+00 4.932e+00 1.494e+01 0.000e+00 0.000e+00 0.000e+00 3.877e+00 1.900e+01 7.904e+00 2.629e+00 1.597e+01 0.000e+00 1.088e+00 0.000e+00 1.510e+01 0.000e+00 0.000e+00 0.000e+00 0.000e+00 1.326e+01 5.055e+00 0.000e+00 0.000e+00 7.565e+00 1.624e+01 1.377e+01 0.000e+00 0.000e+00 0.000e+00 9.343e+00
1.341e+01 0.000e+00 0.000e+00 1.009e+00 0.000e+00 0.000e+00 1.382e+01 1.720e+01 0.000e+00 0.000e+00 3.813e-01 0.000e+00 0.000e+00 0.000e+00 1.927e+01 1.619e+01 5.722e+00 1.615e+01 8.410e+00 1.150e+01 1.396e+01 8.222e+00 6.355e+00 6.873e+00 0.000e+00 0.000e+00 1.710e+01 1.467e+01 0.000e+00 1.602e+00 0.000e+00 1.139e+01 0.000e+00 0.000e+00 0.000e+00 0.000e+00
8.352e+00 0.000e+00 5.879e+00 1.072e+01 0.000e+00 0.000e+00 0.000e+00 1.078e+01 1.113e+01 0.000e+00 1.410e+00 0.000e+00 1.279e+01 1.114e+01 0.000e+00 0.000e+00 0.000e+00 6.312e+00 1.358e+01 0.000e+00 0.000e+00 0.000e+00 0.000e+00 0.000e+00 1.760e+01 0.000e+00 1.056e+01 0.000e+00 6.860e+00 1.966e+01 0.000e+00 0.000e+00 0.000e+00 0.000e+00 0.000e+00 0.000e+00
1.118e+01 0.000e+00 5.763e+00 1.328e+01 1.502e+01 1.899e+01 0.000e+00 1.106e+01 2.738e+00 0.000e+00 0.000e+00 0.000e+00 1.050e+01 0.000e+00 0.000e+00 0.000e+00 0.000e+00 0.000e+00 1.837e+01 1.257e+01 0.000e+00 0.000e+00 1.244e+01 0.000e+00 0.000e+00 0.000e+00 0.000e+00 1.039e+01 0.000e+00 0.000e+00 1.750e+01 3.228e+00 9.343e+00 0.000e+00 0.000e+00 0.000e+00