(10, 10) (2, 1) (6, 2) (4, 8) (4, 1) (8, 8) (10, 2) (1, 9) (0, 3) (5, 10) (5, 5) (2, 2) (6, 5) (11, 7) (6, 1) (7, 9) (7, 2) (9, 2) (10, 5) (2, 7) (11, 10) (9, 6) (8, 7) (1, 10) (10, 8) (0, 2) (6, 3) (1, 11) (11, 4) (5, 6) (8, 0) (1, 2) (5, 8) (9, 9) (4, 10) (2, 6)
18 19
0.000e+00 8.346e+00 0.000e+00 1.441e+01 0.000e+00 1.229e-02 0.000e+00 0.000e+00 0.000e+00 0.000e+00 6.054e+00 0.000e+00 2.944e+00 0.000e+00 0.000e+00 0.000e+00 0.000e+00 0.000e+00 0.000e+00 0.000e+00 1.856e+00 3.733e+00 0.000e+00 0.000e+00 0.000e+00 0.000e+00 0.000e+00 0.000e+00 0.000e+00 6.918e+00 7.941e+00 1.078e+01 8.390e+00 0.000e+00 0.000e+00 1.371e+01
4.097e+00 0.000e+00 0.000e+00 1.756e+01 5.575e-01 0.000e+00 1.341e+01 0.000e+00 8.352e+00 0.000e+00 1.118e+01 0.000e+00 0.000e+00 0.000e+00 2.816e+00 0.000e+00 3.970e+00 0.000e+00 1.602e+01 1.937e+01 0.000e+00 6.275e+00 1.385e+01 1.753e+01 1.789e+01 0.000e+00 1.710e+00 7.907e-01 0.000e+00 3.405e+00 0.000e+00 0.000e+00 1.756e+01 0.000e+00 0.000e+00 1.976e+00
8.428e+00 1.916e+01 0.000e+00 0.000e+00 1.067e+01 0.000e+00 0.000e+00 1.384e+01 0.000e+00 0.000e+00 0.000e+00 0.000e+00 6.317e+00 0.000e+00 1.373e+01 0.000e+00 0.000e+00 0.000e+00 0.000e+00 0.000e+00 1.669e+01 3.756e-01 0.000e+00 1.501e+01 0.000e+00 0.000e+00 1.978e+01 0.000e+00 1.497e+01 5.616e+00 0.000e+00 0.000e+00 1.579e+01 2.073e+00 0.000e+00 8.963e+00
0.000e+00 1.817e+01 0.000e+00 0.000e+00 5.879e+00 0.000e+00 0.000e+00 0.000e+00 5.763e+00 2.609e+00 3.971e-01 0.000e+00 0.000e+00 1.358e+01 4.240e+00 5.318e+00 0.000e+00 0.000e+00 9.837e+00 0.000e+00 0.000e+00 1.077e+00 1.149e+01 2.943e+00 0.000e+00 0.000e+00 1.179e+01 1.400e+01 0.000e+00 0.000e+00 2.056e+00 8.287e+00 0.000e+00 0.000e+00 0.000e+00 0.000e+00
0.000e+00 1.389e+01 0.000e+00 0.000e+00 0.000e+00 0.000e+00 0.000e+00 8.289e+00 0.000e+00 0.000e+00 1.009e+00 1.072e+01 1.328e+01 0.000e+00 1.030e+01 0.000e+00 0.000e+00 0.000e+00 1.889e+01 1.174e+01 1.807e+01 0.000e+00 0.000e+00 2.758e+00 0.000e+00 0.000e+00 0.000e+00 2.794e+00 0.000e+00 0.000e+00 0.000e+00 0.000e+00 1.615e+01 0.000e+00 7.960e+00 3.315e+00
0.000e+00 1.855e+01 6.962e+00 0.000e+00 1.502e+01 0.000e+00 0.000e+00 0.000e+00 1.452e+01 0.000e+00 1.767e+01 0.000e+00 1.248e+01 0.000e+00 1.502e+01 0.000e+00 6.984e+00 0.000e+00 0.000e+00 0.000e+00 5.406e+00 1.792e+01 0.000e+00 8.568e+00 0.000e+00 0.000e+00 1.930e+01 1.327e+01 1.244e+01 0.000e+00 2.304e+00 0.000e+00 0.000e+00 1.899e+01 9.004e+00 0.000e+00
0.000e+00 1.157e+01 8.169e+00 0.000e+00 0.000e+00 0.000e+00 0.000e+00 0.000e+00 0.000e+00 0.000e+00 4.748e+00 0.000e+00 0.000e+00 1.807e+01 1.148e+01 0.000e+00 0.000e+00 0.000e+00 6.738e-02 1.235e+01 0.000e+00 0.000e+00 0.000e+00 0.000e+00 0.000e+00 6.540e+00 0.000e+00 0.000e+00 0.000e+00 1.055e+01 1.772e+01 0.000e+00 0.000e+00 7.152e+00 0.000e+00 0.000e+00
0.000e+00 1.817e+01 1.247e+01 0.000e+00 0.000e+00 3.263e-01 1.859e+01 0.000e+00 0.000e+00 0.000e+00 1.382e+01 1.995e+01 0.000e+00 3.455e+00 2.751e+00 1.865e+01 0.000e+00 0.000e+00 1.394e+01 1.329e+00 0.000e+00 1.511e+01 0.000e+00 0.000e+00 1.508e+01 1.846e+01 1.423e+01 0.000e+00 0.000e+00 0.000e+00 0.000e+00 0.000e+00 0.000e+00 0.000e+00 2.494e+00 4.074e-01
0.000e+00 0.000e+00 5.340e-01 5.758e-01 0.000e+00 0.000e+00 0.000e+00 0.000e+00 0.000e+00 0.000e+00 0.000e+00 4.932e+00 1.720e+01 1.078e+01 1.106e+01 0.000e+00 0.000e+00 1.684e+01 2.492e+00 5.591e+00 0.000e+00 1.172e+01 1.939e+01 1.122e+01 0.000e+00 0.000e+00 3.828e-01 1.601e+01 0.000e+00 4.667e+00 0.000e+00 1.614e+01 7.763e+00 1.727e+01 0.000e+00 0.000e+00
1.494e+01 0.000e+00 0.000e+00 0.000e+00 1.113e+01 2.738e+00 1.208e+00 0.000e+00 0.000e+00 0.000e+00 0.000e+00 0.000e+00 0.000e+00 0.000e+00 2.436e+00 9.006e-01 2.159e+00 0.000e+00 4.522e+00 0.000e+00 1.426e+01 0.000e+00 1.120e+01 2.610e-01 0.000e+00 0.000e+00 1.449e+00 1.935e+01 0.000e+00 0.000e+00 1.137e+01 4.074e+00 0.000e+00 5.054e+00 0.000e+00 1.488e+01
0.000e+00 3.917e+00 0.000e+00 1.163e+01 1.940e+01 1.694e+01 4.805e+00 0.000e+00 0.000e+00 9.880e+00 0.000e+00 0.000e+00 1.240e+01 1.658e+01 3.144e+00 3.813e-01 0.000e+00 1.410e+00 9.732e+00 1.213e+01 1.138e+01 0.000e+00 0.000e+00 6.354e+00 0.000e+00 0.000e+00 1.977e+01 0.000e+00 0.000e+00 1.160e+01 0.000e+00 0.000e+00 0.000e+00 7.609e+00 1.102e+01 1.491e+01
1.339e+01 5.306e+00 1.336e+00 0.000e+00 0.000e+00 0.000e+00 7.408e+00 1.260e+01 4.211e+00 1.506e+01 1.340e+00 0.000e+00 5.214e+00 0.000e+00 1.610e+01 3.877e+00 1.279e+01 1.050e+01 0.000e+00 0.000e+00 0.000e+00 1.850e+01 0.000e+00 5.273e+00 0.000e+00 0.000e+00 0.000e+00 1.329e+00 0.000e+00 0.000e+00 1.470e+01 0.000e+00 1.545e+01 0.000e+00 0.000e+00 0.000e+00
1.816e+01 0.000e+00 1.864e+01 0.000e+00 2.889e-01 4.695e+00 1.234e+01 0.000e+00 1.898e+01 1.900e+01 1.114e+01 0.000e+00 0.000e+00 1.831e+01 1.283e+01 0.000e+00 7.806e+00 9.725e+00 1.209e+01 1.100e+01 0.000e+00 1.852e+01 0.000e+00 1.838e+01 0.000e+00 0.000e+00 0.000e+00 0.000e+00 0.000e+00 7.904e+00 0.000e+00 0.000e+00 0.000e+00 0.000e+00 1.927e+01 0.000e+00
0.000e+00 0.000e+00 0.000e+00 0.000e+00 3.487e+00 2.535e+00 0.000e+00 0.000e+00 0.000e+00 0.000e+00 2.710e+00 1.012e+01 0.000e+00 0.000e+00 4.403e-01 1.896e+01 1.654e+01 0.000e+00 3.102e-01 0.000e+00 3.532e+00 0.000e+00 6.648e+00 2.629e+00 1.619e+01 0.000e+00 0.000e+00 6.901e+00 0.000e+00 0.000e+00 0.000e+00 0.000e+00 0.000e+00 1.880e+01 0.000e+00 0.000e+00
1.164e+01 0.000e+00 0.000e+00 0.000e+00 0.000e+00 1.758e+01 1.690e+01 0.000e+00 0.000e+00 1.811e+01 9.203e+00 1.093e+01 0.000e+00 0.000e+00 0.000e+00 1.597e+01 5.722e+00 9.810e+00 1.199e+01 0.000e+00 3.205e-01 1.187e+01 8.679e+00 0.000e+00 0.000e+00 0.000e+00 0.000e+00 0.000e+00 0.000e+00 0.000e+00 0.000e+00 1.615e+01 6.312e+00 1.786e+01 1.156e+01 3.688e+00
1.576e+01 0.000e+00 1.224e+01 0.000e+00 0.000e+00 0.000e+00 0.000e+00 1.088e+00 8.410e+00 0.000e+00 0.000e+00 0.000e+00 0.000e+00 0.000e+00 0.000e+00 0.000e+00 0.000e+00 1.358e+01 0.000e+00 0.000e+00 1.837e+01 1.804e-02 0.000e+00 0.000e+00 1.954e+01 0.000e+00 0.000e+00 0.000e+00 7.538e+00 1.948e+01 0.000e+00 0.000e+00 1.210e+01 1.658e+01 0.000e+00 0.000e+00
1.150e+01 1.257e+01 0.000e+00 5.719e+00 0.000e+00 1.174e+01 1.500e+01 1.717e+01 1.510e+01 0.000e+00 0.000e+00 1.396e+01 1.729e+01 6.460e+00 1.342e+01 9.023e+00 0.000e+00 0.000e+00 7.648e+00 0.000e+00 8.222e+00 0.000e+00 8.036e+00 6.355e+00 1.244e+01 0.000e+00 8.611e+00 0.000e+00 1.948e+01 1.356e+01 3.979e+00 0.000e+00 8.540e+00 0.000e+00 6.873e+00 1.595e+01
1.760e+01 0.000e+00 1.808e+01 1.326e+01 5.411e+00 0.000e+00 0.000e+00 0.000e+00 5.055e+00 0.000e+00 1.710e+01 0.000e+00 1.056e+01 0.000e+00 1.605e+01 1.145e+01 1.467e+01 0.000e+00 1.039e+01 1.542e+01 1.138e+01 9.320e+00 0.000e+00 6.860e+00 1.374e+00 7.565e+00 1.602e+00 0.000e+00 0.000e+00 0.000e+00 1.966e+01 3.640e+00 0.000e+00 0.000e+00 1.624e+01 1.750e+01
0.000e+00 0.000e+00 1.377e+01 1.139e+01 3.228e+00 9.343e+00 6.910e+00 4.509e+00 1.185e+01 0.000e+00 6.252e+00 0.000e+00 0.000e+00 0.000e+00 1.833e+01 0.000e+00 0.000e+00 1.819e+01 0.000e+00 5.150e+00 2.227e+00 0.000e+00 0.000e+00 3.867e+00 9.997e+00 0.000e+00 0.000e+00 0.000e+00 0.000e+00 1.457e+01 0.000e+00 4.172e+00 4.968e+00 0.000e+00 0.000e+00 0.000e+00
0.000e+00 0.000e+00 0.000e+00 0.000e+00 1.703e+01 8.323e+00 1.234e+01 4.681e+00 2.048e+00 0.000e+00 0.000e+00 1.032e+01 9.548e+00 3.062e+00 0.000e+00 0.000e+00 1.244e+01 0.000e+00 1.088e+01 0.000e+00 1.309e+01 0.000e+00 0.000e+00 0.000e+00 2.899e+00 1.503e+01 0.000e+00 0.000e+00 4.449e+00 1.039e+01 0.000e+00 1.571e+01 0.000e+00 0.000e+00 0.000e+00 0.000e+00
0.000e+00 0.000e+00 0.000e+00 0.000e+00 0.000e+00 0.000e+00 4.564e-01 0.000e+00 6.494e+00 0.000e+00 1.746e+01 0.000e+00 0.000e+00 0.000e+00 0.000e+00 0.000e+00 1.690e+01 0.000e+00 0.000e+00 0.000e+00 0.000e+00 1.077e+01 1.733e+01 0.000e+00 0.000e+00 0.000e+00 1.900e+01 0.000e+00 1.653e+01 1.708e+01 0.000e+00 1.984e+00 0.000e+00 1.303e+01 0.000e+00 1.407e+01
0.000e+00 0.000e+00 0.000e+00 0.000e+00 0.000e+00 1.221e+01 0.000e+00 0.000e+00 0.000e+00 0.000e+00 0.000e+00 0.000e+00 1.599e+01 7.011e-01 0.000e+00 0.000e+00 0.000e+00 0.000e+00 0.000e+00 0.000e+00 1.541e+01 0.000e+00 1.464e+01 0.000e+00 0.000e+00 5.201e+00 5.149e+00 1.265e+01 0.000e+00 6.912e+00 1.593e+01 8.928e+00 1.566e+01 0.000e+00 1.981e+01 0.000e+00
0.000e+00 0.000e+00 6.012e+00 0.000e+00 0.000e+00 0.000e+00 2.869e+00 0.000e+00 0.000e+00 0.000e+00 0.000e+00 0.000e+00 0.000e+00 1.803e+01 0.000e+00 1.084e+01 0.000e+00 0.000e+00 0.000e+00 0.000e+00 0.000e+00 1.950e+01 0.000e+00 1.274e+01 0.000e+00 0.000e+00 1.988e+01 0.000e+00 0.000e+00 0.000e+00 1.093e+01 1.053e+01 0.000e+00 2.717e+00 7.121e+00 5.341e-01
0.000e+00 0.000e+00 0.000e+00 0.000e+00 0.000e+00 0.000e+00 3.216e+00 1.492e+01 6.177e-01 0.000e+00 0.000e+00 7.337e+00 1.725e+01 0.000e+00 0.000e+00 1.386e+01 1.382e+01 0.000e+00 0.000e+00 3.781e+00 0.000e+00 8.844e+00 0.000e+00 0.000e+00 1.164e+01 1.980e+01 4.086e+00 0.000e+00 4.962e+00 5.251e+00 0.000e+00 1.501e+01 0.000e+00 0.000e+00 9.145e+00 1.148e+00
1.018e+01 4.247e+00 1.597e+01 5.954e+00 5.618e-01 0.000e+00 1.187e+01 0.000e+00 1.688e+01 7.627e+00 1.500e+01 0.000e+00 1.023e+01 0.000e+00 0.000e+00 0.000e+00 0.000e+00 1.082e+01 0.000e+00 1.919e+01 1.608e+01 6.561e-01 1.419e+01 0.000e+00 0.000e+00 0.000e+00 0.000e+00 9.305e+00 0.000e+00 0.000e+00 0.000e+00 1.895e+01 0.000e+00 0.000e+00 0.000e+00 0.000e+00
0.000e+00 4.436e+00 0.000e+00 0.000e+00 0.000e+00 5.349e+00 1.639e+00 0.000e+00 8.578e+00 0.000e+00 2.189e+00 0.000e+00 1.268e+01 0.000e+00 0.000e+00 1.606e+01 1.394e+01 1.533e+01 0.000e+00 0.000e+00 6.856e+00 1.692e+01 0.000e+00 8.581e+00 1.648e+01 0.000e+00 0.000e+00 0.000e+00 0.000e+00 0.000e+00 0.000e+00 1.253e+01 2.877e+00 0.000e+00 1.577e+00 3.765e-01
1.344e+00 0.000e+00 9.177e+00 0.000e+00 0.000e+00 0.000e+00 0.000e+00 2.276e+00 0.000e+00 0.000e+00 0.000e+00 0.000e+00 5.654e-01 1.510e+01 7.903e+00 1.494e+01 9.054e+00 9.007e+00 0.000e+00 0.000e+00 9.567e+00 9.485e+00 1.607e+01 8.054e+00 0.000e+00 1.809e+01 0.000e+00 7.509e-01 0.000e+00 0.000e+00 1.548e+01 2.522e+00 0.000e+00 1.237e+01 2.172e-01 0.000e+00
1.078e+01 7.033e-02 0.000e+00 1.902e+01 0.000e+00 0.000e+00 0.000e+00 1.811e+01 1.592e+01 1.831e+01 0.000e+00 0.000e+00 2.920e+00 3.163e+00 3.761e+00 1.245e+01 0.000e+00 1.812e+01 0.000e+00 0.000e+00 1.980e+01 0.000e+00 1.423e+01 1.464e+01 1.819e+01 0.000e+00 0.000e+00 0.000e+00 8.023e+00 5.005e+00 3.477e+00 0.000e+00 0.000e+00 0.000e+00 0.000e+00 2.398e+00
1.625e+01 0.000e+00 0.000e+00 0.000e+00 2.944e+00 0.000e+00 0.000e+00 5.293e+00 0.000e+00 0.000e+00 1.638e+01 0.000e+00 0.000e+00 0.000e+00 6.219e+00 0.000e+00 1.965e+01 5.340e+00 1.068e+01 6.296e+00 1.822e+01 7.337e+00 8.678e+00 1.025e+01 0.000e+00 1.878e+01 6.287e-01 0.000e+00 0.000e+00 1.434e+01 0.000e+00 1.782e+01 5.555e-01 0.000e+00 0.000e+00 0.000e+00
0.000e+00 1.045e+01 0.000e+00 0.000e+00 6.527e+00 0.000e+00 0.000e+00 1.719e+01 1.117e+01 1.381e+01 9.063e+00 0.000e+00 0.000e+00 0.000e+00 0.000e+00 0.000e+00 0.000e+00 0.000e+00 1.257e+01 0.000e+00 0.000e+00 0.000e+00 0.000e+00 0.000e+00 0.000e+00 5.809e+00 1.969e-01 1.154e+01 6.236e+00 0.000e+00 1.035e+01 0.000e+00 0.000e+00 0.000e+00 0.000e+00 1.833e+01
0.000e+00 0.000e+00 8.535e+00 0.000e+00 0.000e+00 0.000e+00 4.955e+00 0.000e+00 0.000e+00 0.000e+00 7.432e+00 1.864e+01 0.000e+00 1.874e+01 1.689e+01 1.840e+01 4.566e+00 1.759e+00 4.554e+00 0.000e+00 6.294e+00 3.504e+00 0.000e+00 0.000e+00 0.000e+00 1.215e+01 8.278e+00 0.000e+00 0.000e+00 0.000e+00 0.000e+00 1.633e+01 3.711e+00 1.404e+01 0.000e+00 4.815e+00
0.000e+00 0.000e+00 0.000e+00 0.000e+00 1.149e+01 6.986e+00 0.000e+00 1.149e+00 4.584e+00 0.000e+00 1.329e+01 0.000e+00 9.950e+00 1.039e+01 3.503e+00 1.142e+01 0.000e+00 0.000e+00 0.000e+00 0.000e+00 0.000e+00 1.994e+01 0.000e+00 1.634e+01 0.000e+00 1.189e+01 1.952e+01 0.000e+00 1.803e+01 1.192e+01 0.000e+00 0.000e+00 6.582e-01 1.881e+00 0.000e+00 0.000e+00
0.000e+00 1.317e+00 0.000e+00 0.000e+00 9.040e+00 0.000e+00 0.000e+00 7.515e+00 0.000e+00 1.951e+01 3.368e+00 0.000e+00 1.946e+01 1.535e+01 1.649e+01 1.266e+01 1.338e+01 9.543e+00 0.000e+00 0.000e+00 0.000e+00 0.000e+00 0.000e+00 2.726e-01 0.000e+00 0.000e+00 0.000e+00 0.000e+00 0.000e+00 0.000e+00 7.067e+00 9.847e+00 0.000e+00 0.000e+00 1.460e+01 9.378e+00
9.154e+00 0.000e+00 0.000e+00 0.000e+00 2.762e+00 2.277e-01 0.000e+00 0.000e+00 0.000e+00 0.000e+00 0.000e+00 0.000e+00 0.000e+00 1.517e+01 0.000e+00 0.000e+00 6.406e+00 0.000e+00 1.969e+01 4.412e+00 6.781e+00 0.000e+00 1.048e+01 0.000e+00 0.000e+00 0.000e+00 1.510e+01 0.000e+00 0.000e+00 9.283e+00 2.505e+00 0.000e+00 0.000e+00 0.000e+00 6.257e+00 1.010e+01
0.000e+00 1.348e+01 1.541e+01 0.000e+00 2.615e+00 4.681e-01 1.039e+01 1.620e+01 0.000e+00 2.619e-01 1.345e+01 0.000e+00 0.000e+00 0.000e+00 1.374e+01 0.000e+00 0.000e+00 0.000e+00 0.000e+00 8.990e+00 1.830e+01 1.289e+01 1.147e-01 9.694e+00 0.000e+00 0.000e+00 1.719e+01 0.000e+00 0.000e+00 0.000e+00 1.661e+01 0.000e+00 1.299e+01 0.000e+00 0.000e+00 0.000e+00
1.348e+01 0.000e+00 0.000e+00 0.000e+00 0.000e+00 1.157e+01 5.490e+00 1.121e+01 1.344e+01 0.000e+00 7.055e+00 0.000e+00 1.712e+01 3.909e+00 1.495e+01 0.000e+00 5.799e+00 1.548e+01 8.560e+00 1.616e+01 7.077e+00 0.000e+00 0.000e+00 0.000e+00 0.000e+00 0.000e+00 4.282e+00 0.000e+00 0.000e+00 1.535e+01 0.000e+00 6.180e+00 1.467e+01 0.000e+00 0.000e+00 0.000e+00